<html><head><title>Plantilla</title><meta http-equiv="Content-Type" content="text/html; charset=UTF-8"><meta name="viewport" content="width=device-width, initial-scale=1.0"><link href="complete.css" rel="stylesheet"><script src="http://cdnjs.cloudflare.com/ajax/libs/gsap/1.13.2/TweenMax.min.js"></script> <script type="text/javascript" src="libs/jquery-2.1.1.min.js"></script></head> <body><div id="div_number_1" style="perspective: 500px; width: 300px; height: 400px; box-shadow: rgba(0, 255, 0, 0.439216) 0px 0px 7px 4px; transform: translate3d(1313px, 682px, 0px); cursor: move; -webkit-user-select: none; touch-action: none;" class="workingDiv"></div><div id="div_number_2" style="perspective: 500px; width: 300px; height: 400px; box-shadow: rgba(0, 255, 0, 0.298039) 0px 0px 0px 0px; transform: matrix3d(0.86946, -0.00758, -0.49394, 0, 0.03198, 0.99864, 0.04095, 0, 0.49296, -0.05141, 0.86852, 0, 414, 386, 0, 1); cursor: move; -webkit-user-select: none; touch-action: none;" class="workingDiv"><div id="div_number_3" style="perspective: 500px; width: 800px; height: 200px; box-shadow: rgba(0, 255, 0, 0.298039) 0px 0px 0px 0px; transform: matrix3d(1, 0, 0, 0, 0, 0.81004, -0.58637, 0, 0, 0.58637, 0.81004, 0, -232, -208, 0, 1); cursor: move; -webkit-user-select: none; touch-action: none;" class="workingDiv"></div><div id="div_number_4" style="perspective: 500px; width: 800px; height: 200px; box-shadow: rgba(0, 255, 0, 0.298039) 0px 0px 0px 0px; transform: matrix3d(1, 0, 0, 0, 0, 0.74197, 0.67042, 0, 0, -0.67042, 0.74197, 0, -220, 403, 0, 1); cursor: move; -webkit-user-select: none; touch-action: none;" class="workingDiv"></div><div id="div_number_5" style="perspective: 500px; width: 50px; height: 400px; box-shadow: rgba(0, 255, 0, 0.298039) 0px 0px 0px 0px; transform: translate3d(-177px, -1px, 0px); cursor: move; -webkit-user-select: none; touch-action: none;" class="workingDiv"><div id="div_number_6" style="perspective: 500px; width: 50px; height: 400px; box-shadow: rgba(0, 255, 0, 0.298039) 0px 0px 0px 0px; transform: matrix3d(-0.13917, 0, 0.99026, 0, 0, 1, 0, 0, -0.99026, 0, -0.13917, 0, 595, 4, 0, 1); cursor: move; -webkit-user-select: none; touch-action: none;" class="workingDiv"></div></div><div id="div_number_7" style="perspective: 500px; width: 50px; height: 400px; box-shadow: rgba(0, 255, 0, 0.298039) 0px 0px 0px 0px; transform: translate3d(471px, 0px, 0px); cursor: move; -webkit-user-select: none; touch-action: none;" class="workingDiv"></div></div></body></html>