<html><head><title>Plantilla</title><meta http-equiv="Content-Type" content="text/html; charset=UTF-8"><meta name="viewport" content="width=device-width, initial-scale=1.0"><link href="complete.css" rel="stylesheet"><script src="http://cdnjs.cloudflare.com/ajax/libs/gsap/1.13.2/TweenMax.min.js"></script> <script type="text/javascript" src="libs/jquery-2.1.1.min.js"></script></head> <body><div id="div_number_1" style="perspective: 500px; width: 300px; height: 400px; box-shadow: rgba(0, 255, 0, 0.462745) 0px 0px 8px 4px; transform: matrix3d(-0.13882, 0.41249, 0.90031, 0, 0.94776, 0.31895, 0, 0, -0.28716, 0.85329, -0.43523, 0, 619, 642, 0, 1); cursor: move; -webkit-user-select: none; touch-action: none;" class="workingDiv"></div><div id="div_number_2" style="perspective: 500px; width: 300px; height: 400px; box-shadow: rgba(0, 255, 0, 0.670588) 0px 0px 19px 9px; transform: matrix3d(-0.17838, -0.94407, 0.27731, 0, -0.43443, 0.32844, 0.83868, 0, -0.88286, 0.02913, -0.46872, 0, 380, 332, 0, 1); cursor: move; -webkit-user-select: none; touch-action: none;" class="workingDiv"><div id="div_number_4" style="perspective: 500px; width: 500px; height: 20px; box-shadow: rgba(0, 255, 0, 0.392157) 0px 0px 5px 2px; transform: translate3d(-94px, 443px, 0px); cursor: move; -webkit-user-select: none; touch-action: none;" class="workingDiv"></div></div><div id="div_number_3" style="perspective: 500px; width: 300px; height: 400px; box-shadow: rgba(0, 255, 0, 0.490196) 0px 0px 10px 5px; transform: matrix3d(0.72508, -0.26391, 0.63607, 0, 0.34202, 0.93969, 0, 0, -0.59771, 0.21755, 0.77162, 0, 868, 332, 0, 1); cursor: move; -webkit-user-select: none; touch-action: none;" class="workingDiv"></div></body></html>